1054.39317 1213.20185 2
1173.63561 1436.95905 1
1880.07388 1891.74214 1
1809.38534 1668.31981 1
1762.98081 1291.03854 2
1079.29018 1053.5473 2
1644.13684 1857.76913 2
1987.28134 1803.59461 1
1846.32059 1916.56797 2
1382.39899 1770.00045 3
1216.25562 1421.63948 3
1298.74131 1950.66676 1
1562.43932 1781.89351 1
1100.51145 1587.19817 2
1732.89958 1549.26217 2
1254.93006 1706.89135 2
1117.62439 1333.60089 1
1745.1851 1787.82844 1
1765.37783 1787.51162 2
1544.64665 1154.30333 3
1792.62797 1529.61849 2
1460.94481 1775.23418 0
1889.96071 1696.17037 1
1005.726 1721.56373 3
1344.36147 1265.08712 0
1503.25634 1690.34117 1
1666.65352 1722.21015 1
1437.18313 1348.49055 2
1679.32275 1605.26038 1
1902.87963 1199.70091 3
1660.52007 1290.97065 0
1120.08676 1544.02899 0
1413.42168 1243.73208 2
1306.75679 1301.91293 0
1513.96977 1394.94385 3
1113.81247 1189.62794 2
1178.54047 1201.97707 2
1781.78707 1489.13137 3
1208.19409 1499.83911 3
1584.59666 1757.06353 2
1899.60558 1707.015 1
1913.8063 1726.85688 3
1470.01347 1734.23917 3
1085.26916 1617.79091 0
1699.75261 1234.93894 3
1372.05041 1554.06428 3
1781.42084 1777.18071 0
1610.64115 1090.84113 0
1308.00519 1911.54208 2
1701.82083 1980.43201 1
1274.84848 1214.44091 3
1563.62272 1142.55209 2
1813.19316 1083.48371 3
1212.55352 1617.88728 3
1437.78955 1247.1626 2
1660.85602 1654.22098 0
1136.41367 1219.10459 0
1291.80866 1011.9834 1
1254.18319 1129.3667 3
1648.37269 1264.8892 0
1649.8084 1937.48343 2
1717.73168 1917.63539 3
1295.42189 1029.90154 2
1479.77846 1895.23762 0
1862.41356 1302.62752 2
1406.58384 1867.58288 2
1845.8411 1309.35605 3
1727.57135 1482.67706 2
1505.26835 1863.2254 0
1222.97453 1994.87731 3
1110.66285 1676.0718 0
1840.62385 1650.81695 0
1908.09969 1064.25046 2
1001.27033 1880.20124 2
1639.04095 1282.73835 0
1044.64694 1397.66042 2
1429.34276 1030.00001 3
1990.62621 1976.24446 2
1794.866 1055.6405 3
1664.16952 1133.22501 0
1463.01974 1169.59341 3
1202.64308 1277.29766 1
1621.83617 1330.72308 3
1223.73545 1570.35256 2
1115.26248 1055.63141 0
1951.47294 1580.58709 1
1161.14074 1967.92847 3
1129.45969 1725.78696 2
1463.25855 1063.93123 1
1099.64414 1893.33348 1
1200.96395 1487.62748 3
1469.9497 1201.05385 1
1852.82317 1782.45545 3
1641.07435 1108.56211 2
1729.57711 1853.842 1
1440.34618 1954.83624 2
1034.09349 1266.67698 3
1941.07468 1351.16415 1
1462.10017 1084.96798 3
1108.55265 1095.52531 3
1163.19283 1514.45703 0
1942.28897 1449.25813 1
1856.57129 1933.61552 2
1061.96213 1744.73485 3
1064.74887 1121.18921 0
1601.86951 1017.35637 3
1206.48727 1614.63222 3
1720.5713 1024.59085 2
1673.35737 1674.78933 3
1590.19011 1364.04167 2
1155.86389 1072.06577 3
1218.98666 1452.63833 3
1311.75977 1461.19054 0
1916.92272 1180.30279 0
1702.60881 1829.69588 1
1834.85061 1685.19372 3
1921.79407 1564.7047 2
1613.06827 1808.64795 1
1904.33203 1921.42756 3
1371.24065 1628.45834 0
1485.19086 1835.23348 1
1628.42132 1494.64563 0
1840.88913 1947.65183 0
1455.64897 1747.53749 0
1166.55152 1110.0131 2
1305.50524 1730.96386 1
1504.6792 1687.3501 0
1435.41947 1035.05309 2
1967.79587 1902.95156 2
1740.09185 1903.2353 0
1819.09908 1144.67434 3
1939.47787 1298.65985 2
1667.28408 1715.02798 3
1499.32726 1003.47975 0
1115.85225 1013.08547 0
1335.02041 1338.48847 2
1296.31413 1590.74191 0
1767.93369 1555.87678 3
1577.25267 1876.30642 0
1243.00579 1678.42634 3
1112.45023 1294.0739 1
1470.61875 1229.51524 0
1495.54481 1218.13052 3
1713.49497 1855.35645 0
1201.05416 1498.10177 2
1678.73856 1937.71151 3
1035.71188 1930.29585 0
1461.46074 1813.49202 0
1523.50445 1045.9136 2
1993.71861 1099.08438 0
1540.8443 1853.22029 1
1435.46659 1356.15338 1
1507.77994 1633.36581 0
1524.25531 1780.9937 3
1975.2307 1546.08721 2
1593.5657 1363.26292 0
1699.984 1883.25457 0
1424.27372 1776.06696 0
1928.0899 1894.73632 3
1155.90997 1847.99922 3
1029.98547 1057.26291 0
1009.0359 1875.96801 0
1037.20662 1839.47742 1
1164.66765 1840.85766 1
1314.26419 1611.50686 2
1593.41528 1236.97685 3
1371.63602 1755.2099 0
1981.931 1334.77399 1
1429.69282 1017.00059 0
1535.48201 1111.66403 0
1051.72443 1408.61785 0
1442.79497 1587.1643 3
1779.20329 1874.26236 2
1450.34786 1690.70954 2
1694.06465 1972.40697 3
1102.16689 1295.66342 0
1808.3306 1564.71284 1
1264.92448 1394.0957 2
1885.15782 1145.32793 1
1136.23688 1614.92391 2
1511.29665 1610.5039 3
1349.0099 1399.22549 3
1388.18503 1457.15653 3
1886.44334 1643.88282 2
1347.53069 1987.49818 2
1139.5598 1003.74894 3
1967.6606 1878.72045 1
1918.19717 1118.32069 2
1047.42358 1004.95342 0
1690.58911 1526.75208 2
1524.21925 1331.69991 2
1523.41262 1972.55056 3
1653.6254 1534.00153 1
1011.74106 1544.55641 1
1162.05677 1557.96462 0
1797.84742 1275.09081 1
1577.59558 1369.70599 3
1873.72663 1446.61675 2
1018.26124 1801.48385 3
1200.50644 1149.07609 3
1375.66994 1019.40845 0
1209.34327 1419.39623 0
1555.43809 1748.23159 1
1306.8265 1558.58795 1
1564.67854 1195.05886 0
1435.16938 1699.01729 3
1996.24219 1449.80573 3
1846.37081 1337.28919 0
1848.66391 1845.53353 0
1661.68362 1028.91367 0
1348.7051 1253.72865 2
1408.12581 1229.43297 2
1033.14146 1736.55025 0
1081.14981 1358.94851 0
1482.21027 1739.06298 0
1219.83821 1931.69538 3
1973.21124 1857.79312 3
1006.1725 1180.31097 2
1211.10379 1770.10328 3
1619.35421 1231.73282 3
1959.83139 1642.03127 1
1103.77694 1608.29092 3
1157.03003 1957.21362 1
1748.71638 1812.20713 1
1482.94147 1094.67777 0
1162.53022 1048.01679 0
1002.76663 1644.05657 2
1693.18081 1612.00826 2
1815.22824 1190.98254 3
1069.79377 1809.07088 1
1818.23254 1063.1195 0
1422.16801 1046.9219 3
1025.6687 1593.67654 3
1760.61234 1903.0367 3
1495.30673 1485.07405 3
1986.99685 1082.33646 2
1549.98954 1279.11355 2
1176.08313 1951.59574 3
1715.41898 1203.67164 1
1799.66495 1625.92966 0
1450.6104 1329.89059 3
1459.23466 1319.30894 1
1855.3155 1383.18105 0
1294.28629 1337.04291 3
1988.75546 1642.17158 0
1494.27498 1944.06546 3
1817.34405 1623.69056 3
1393.5913 1928.42632 3
1487.69845 1733.04783 1
1585.51456 1803.75237 0
1690.36419 1330.6879 0
1723.57842 1830.62473 3
1438.13089 1146.08391 0
1006.83614 1372.03452 0
1713.11621 1680.38818 3
1906.01375 1214.89402 1
1505.6278 1748.946 3
1259.968 1518.54544 1
1130.59853 1796.33882 0
1622.25004 1848.05122 1
1966.65618 1248.65344 3
1848.88715 1664.82424 1
1317.5282 1259.37955 2
1627.16721 1727.21224 2
1480.64584 1490.00355 3
1308.87997 1582.22218 3
1133.69068 1395.44025 3
1133.37639 1054.02829 3
1378.88347 1891.66549 1
1911.01654 1848.77632 0
1990.10996 1592.20696 3
1837.59358 1298.12369 2
1548.07222 1019.5217 1
1817.82565 1796.64434 1
1498.74355 1780.39505 3
1393.35261 1412.42173 3
1528.5963 1174.69577 3
1029.54069 1897.93556 1
1350.98536 1470.85567 0
1434.10699 1929.70919 1
1978.68899 1679.95745 3
1281.20118 1911.68823 0
1796.87917 1750.95921 0
1334.14278 1441.10102 0
1231.73232 1678.87901 2
1480.20799 1349.7486 2
1120.01074 1990.49095 3
1297.51375 1421.81122 2
1013.6295 1210.99509 2
1102.2719 1181.69858 1
1977.78438 1890.79539 2
1377.75485 1666.89988 0
1136.98929 1418.64145 0
1051.0366 1615.46153 2
1155.35659 1550.84991 0
1248.25676 1244.4255 2
1384.59251 1393.45406 2
1112.83953 1610.63992 0
1693.44994 1501.22516 1
1074.77325 1398.26742 1
1355.68284 1202.70665 1
1367.82697 1188.10719 2
1582.04037 1396.85774 2
1922.06535 1952.63095 0
1268.53224 1173.0777 3
1687.91774 1659.76294 2
1008.24716 1774.7233 0
1001.42445 1846.07847 2
1171.6982 1032.37907 2
1070.19296 1784.90163 0
1234.62415 1737.86912 3
1279.60716 1367.28663 2
1616.97024 1625.60005 2
1308.84126 1817.04456 0
1896.59074 1159.44819 2
1523.6024 1228.53425 2
1026.79309 1489.70651 3
1096.17011 1933.85057 2
1507.4414 1241.3069 1
1866.69191 1188.95758 2
1492.22842 1734.73197 1
1461.77895 1146.32163 3
1212.34616 1346.38822 0
1187.11773 1009.3485 2
1852.09815 1861.2356 2
1169.21686 1462.72815 3
1566.05975 1872.79258 3
1138.6305 1993.34563 3
1038.31827 1176.01654 3
1766.71286 1702.12721 2
1387.19451 1105.93862 2
1448.26219 1371.85494 2
1859.55684 1646.18421 3
1054.9775 1646.21996 1
1186.67143 1136.38024 1
1892.98687 1839.92934 0
1067.32673 1342.40543 1
1003.8513 1839.81911 0
1126.90519 1470.45069 1
1756.14263 1195.37686 2
1900.65598 1232.95195 0
1239.64893 1503.83277 3
1561.00528 1538.26187 2
1055.61402 1743.4822 3
1502.42489 1941.05541 1
1705.00368 1250.36358 0
1145.20827 1035.80833 3
1842.49831 1710.45187 2
1620.58839 1131.32609 2
1898.56488 1273.57445 3
1991.03001 1696.06498 0
1277.40668 1130.28174 3
1177.91793 1232.53925 1
1494.41258 1646.95322 3
1099.90919 1683.93211 1
1603.83521 1565.16075 1
1740.41763 1129.80535 3
1465.07983 1256.39582 2
1342.17247 1176.77252 3
1916.43541 1465.06387 3
1817.49989 1719.66985 3
1625.28981 1248.77445 2
1677.51596 1272.45657 2
1111.21016 1996.29628 0
1471.67475 1931.72236 3
1266.82771 1843.21437 3
1422.12697 1713.53744 1
1764.80955 1300.55575 3
1917.23892 1948.40854 3
1022.91822 1039.30863 0
1257.47859 1639.13598 1
1189.57146 1763.28549 2
1758.35176 1464.23626 1
1819.41122 1806.56695 1
1692.85478 1793.63228 1
1910.63262 1200.1798 1
1421.04579 1746.33615 3
1932.06344 1642.74418 2
1441.22787 1021.52636 2
1969.84101 1799.77032 3
1571.95692 1245.60762 3
1983.26984 1640.55415 0
1440.80161 1954.69542 1
1197.41282 1727.87317 0
1463.26095 1067.33071 2
1463.08025 1975.97893 3
1945.76451 1335.05881 0
1250.95877 1481.27109 3
1975.10158 1434.80719 3
1266.0344 1472.07244 0
1601.62136 1418.54973 3
1684.19877 1440.17405 2
1355.7172 1133.92057 1
1983.99628 1513.01825 0
1430.42784 1565.06306 2
1145.01453 1718.44796 1
1382.87878 1401.74391 3
1172.94326 1659.42849 1
1073.17133 1329.46081 3
1731.37134 1903.06547 3
1657.43841 1043.23956 1
1823.71225 1475.84031 3
1718.39895 1870.03459 3
1524.34146 1679.26019 3
1386.85427 1756.4125 3
1743.53191 1889.61133 2
1868.83455 1447.51292 1
1784.3085 1012.41183 0
1056.78105 1423.10287 3
1759.06422 1431.18485 0
1013.90121 1143.29695 2
1029.1739 1738.48486 3
1486.82709 1960.19903 1
1654.82383 1048.84011 2
1932.44583 1844.88311 1
1146.38054 1338.94552 3
1420.76194 1300.50814 1
1259.29153 1348.74874 0
1582.91265 1875.61619 1
1381.50223 1898.6386 3
1768.59852 1620.77162 0
1439.02438 1639.36372 0
1773.81832 1656.10973 2
1586.6927 1727.9757 2
1457.68555 1480.48852 2
1268.40277 1739.78532 0
1057.77214 1037.76234 1
1035.15439 1363.65327 1
1101.66293 1345.03008 1
1748.20903 1029.9834 3
1592.93651 1721.18905 3
1461.37362 1155.11583 0
1412.19113 1991.37827 2
1212.0908 1118.91602 2
1862.28809 1005.65735 2
1394.66132 1815.76911 0
1714.2697 1217.41029 1
1844.86186 1694.17676 2
1109.11434 1640.16775 0
1059.53639 1193.22256 3
1346.60007 1564.81219 0
1139.28066 1204.87238 2
1615.57477 1526.78028 2
1610.77976 1224.11933 0
1357.5199 1216.42551 1
1983.42783 1149.80699 3
1911.86755 1526.17859 2
1884.56308 1921.21294 0
1552.36297 1536.69593 1
1518.80848 1838.80361 3
1506.12912 1669.29082 3
1178.35081 1779.0696 0
1385.19992 1619.01244 3
1209.96575 1805.09636 1
1061.28184 1707.52239 0
1542.54082 1855.40232 1
1948.38387 1554.34076 2
1715.37092 1515.13515 2
1725.16936 1752.68287 2
1761.31126 1065.31087 1
1041.2622 1256.7572 0
1609.1327 1763.80593 1
1217.11777 1109.68342 0
1985.00085 1989.00262 3
1391.94553 1983.6362 1
1608.68859 1139.068 3
1403.43443 1394.70111 1
1981.27069 1102.66358 2
1382.35643 1730.96525 0
1974.57457 1412.3956 1
1475.12371 1745.13549 0
1371.51908 1215.10364 1
1752.39731 1301.77078 2
1570.85921 1694.31737 3
1177.81686 1049.74045 3
1683.7209 1813.10674 3
1460.47712 1532.76571 0
1214.59652 1273.84229 0
1206.48596 1494.60579 3
1372.30789 1757.9644 3
1006.14286 1810.82393 2
1896.03129 1579.47001 0
1616.89041 1132.17214 0
1843.38397 1691.44014 1
1148.03077 1429.01018 0
1818.83755 1508.32719 0
1647.4602 1535.87768 2
1196.55889 1850.30805 2
1998.17152 1976.81538 0
1403.45633 1307.61715 0
1281.27948 1473.4621 1
1522.65535 1139.06407 3
1152.76911 1088.66755 2
1780.19909 1091.50473 1
1931.39928 1752.45793 1
1011.03554 1506.47323 0
1648.69091 1511.55275 3
1233.57592 1958.88522 1
1137.373 1294.44054 3
1633.74009 1857.3754 3
1694.43564 1235.53642 3
1478.81572 1618.58811 3
1441.81926 1409.71423 0
1485.63718 1716.99344 0
1137.26669 1686.73743 2
1356.00768 1662.44628 1
1427.41186 1408.22021 3
1276.19338 1621.49679 0
1052.0332 1497.57793 0
1893.51495 1886.71754 2
1128.55386 1159.26829 2
1783.44399 1322.94913 2
1784.64038 1413.91762 2
1859.52313 1531.74237 3
1206.56422 1636.88624 3
1116.85324 1319.00428 2
1524.19263 1040.68094 3
1151.56222 1545.31408 0
1116.46338 1497.91768 3
1006.28253 1571.99674 0
1501.12276 1482.14719 0
1618.94939 1992.65044 3
1979.83418 1676.62017 0
1722.70661 1080.95693 3
1323.97255 1102.8582 3
1782.4266 1242.67976 3
1213.70383 1524.44995 0
1873.66669 1164.77055 3
1956.93221 1162.12488 1
1473.62143 1647.11999 2
1899.13808 1164.17615 0
1793.9321 1743.39308 1
1121.65038 1945.21198 3
1015.01071 1552.62722 0
1152.0334 1583.20999 2
1108.58004 1211.5326 1
1193.58476 1956.41991 3
1597.453 1640.41138 1
1586.42648 1482.44253 2
1107.93109 1810.58613 1
1176.07923 1506.46053 2
1454.60514 1982.50656 3
1763.83712 1301.33822 3
1046.55584 1145.06745 2
1283.98353 1972.67846 0
1489.97928 1014.35359 1
1643.27603 1412.13895 2
1212.42511 1289.78891 1
1195.43629 1484.23117 0
1549.18568 1419.81843 1
1915.01852 1703.93197 3
1554.05533 1313.18047 0
1952.82847 1899.01291 2
1627.58886 1526.01124 1
1443.03636 1107.47008 0
1512.82561 1266.5863 0
1016.19313 1027.04182 0
1063.81339 1431.19699 2
1524.6364 1641.33431 1
1684.94563 1141.91132 0
1551.02185 1627.28661 1
1324.37967 1395.68844 3
1697.33339 1344.15939 3
1067.29349 1891.38283 0
1972.49969 1482.64055 3
1683.88695 1047.5959 2
1601.05526 1012.05864 0
1581.81728 1617.19074 1
1145.39993 1913.30698 1
1763.02676 1124.52368 3
1609.31034 1563.01851 1
1272.05207 1349.50188 0
1039.34136 1670.45164 0
1882.28844 1390.1164 1
1960.48756 1771.42547 2
1123.78991 1956.84175 2
1158.56125 1990.0121 1
1968.63429 1156.44723 0
1453.01229 1131.68322 0
1519.02491 1500.84923 2
1260.38453 1837.13097 0
1978.82963 1963.65049 0
1373.16311 1967.55513 1
1821.00135 1842.37451 2
1757.68427 1266.11886 2
1685.17087 1726.66705 3
1735.16243 1331.05998 3
1992.62422 1023.18012 1
1928.00973 1251.07096 0
1287.63349 1807.98472 2
1838.21773 1332.54259 2
1666.75181 1960.57586 0
1612.90245 1012.80369 1
1197.93549 1066.7025 2
1070.81811 1139.90591 0
1486.80029 1850.94079 3
1901.21715 1423.84695 0
1345.04886 1835.57378 3
1687.70449 1096.50914 3
1764.41182 1095.51418 1
1871.80699 1659.02126 1
1184.92208 1420.28275 3
1643.94869 1768.99545 1
1781.54618 1699.65024 0
1056.94935 1093.24099 2
1773.41203 1911.90952 3
1776.15717 1317.82645 2
1635.61649 1578.3725 0
1923.03467 1162.42139 2
1917.15473 1910.22301 3
1578.99889 1346.4012 0
1509.4444 1450.52231 3
1223.10493 1617.66168 0
1265.01457 1594.97951 0
1449.52732 1727.77426 3
1568.84144 1104.78451 0
1779.81433 1386.94362 3
1113.13097 1873.6301 1
1296.78276 1712.81932 2
1133.48585 1448.35138 0
1655.86989 1102.4572 0
1801.45231 1871.47441 0
1598.35434 1418.14435 1
1123.16441 1943.77291 2
1702.45106 1691.30313 3
1826.04015 1090.48538 2
1894.07237 1430.59036 1
1976.13414 1874.75061 1
1562.66115 1792.22213 1
1322.91352 1041.3749 0
1653.87159 1725.14545 1
1183.60769 1940.0968 3
1640.34195 1565.18688 0
1984.60369 1465.58606 3
1835.55409 1225.98834 0
1970.80192 1284.04168 3
1555.81607 1507.9825 2
1468.3203 1760.8059 1
1774.96052 1071.42086 2
1177.58682 1630.56724 1
1631.29509 1951.60992 3
1124.73331 1521.66274 3
1175.65445 1626.91341 3
1865.01988 1407.51306 1
1793.14821 1245.13831 3
1849.66162 1128.84036 1
1204.78604 1876.83418 3
1233.614 1870.40888 2
1201.77427 1707.1403 1
1796.55229 1108.96175 1
1126.04657 1164.3563 0
1668.58364 1520.24571 3
1958.53007 1519.72748 2
1279.12872 1203.80201 0
1254.64666 1759.10433 1
1128.92559 1017.8259 0
1107.74728 1578.71358 0
1034.63172 1008.5598 0
1756.3657 1216.86938 2
1584.22023 1728.81756 0
1662.64757 1178.70133 1
1840.11813 1274.82082 3
1923.21934 1888.28532 0
1333.40225 1231.58291 1
1083.42207 1924.75849 3
1925.03923 1614.85827 1
1498.69145 1244.31493 0
1875.77315 1777.51423 3
1583.03083 1332.99595 0
1475.32877 1183.8904 3
1156.51457 1931.07309 2
1630.48728 1973.63411 2
1463.87549 1025.67102 0
1659.77398 1634.14038 0
1038.74373 1325.41881 1
1013.79739 1432.90624 2
1509.1206 1235.21546 1
1497.10626 1383.84936 1
1823.79222 1697.04456 1
1377.94011 1698.81753 3
1025.93 1038.66628 1
1660.8797 1331.36694 3
1569.55916 1807.13851 1
1385.84629 1395.28842 1
1146.08684 1359.89446 1
1125.81645 1824.69087 0
1401.00674 1453.13876 1
1728.05299 1851.59435 2
1371.94704 1407.45337 0
1040.42097 1205.09503 1
1619.70151 1338.38408 3
1033.29023 1459.75405 0
1287.35496 1337.85024 0
1206.87277 1655.07139 1
1051.16997 1583.91421 3
1486.74442 1106.961 0
1493.71375 1591.10515 1
1932.48543 1050.87891 1
1759.17769 1588.91334 2
1592.23801 1725.2489 0
1748.63742 1382.42291 0
1512.40153 1058.79223 2
1140.74835 1636.39116 1
1103.53785 1922.85177 1
1737.16678 1230.26812 1
1015.08661 1750.81546 2
1693.72405 1031.69538 2
1499.43477 1001.21168 2
1064.04085 1388.2719 3
1009.02189 1123.50343 2
1026.11825 1943.93195 0
1615.01339 1148.91428 2
1456.07536 1904.92959 1
1687.09666 1539.73536 1
1240.25773 1711.4839 1
1247.96135 1022.25304 2
1943.4469 1419.56975 1
1873.18629 1371.69043 3
1482.61479 1537.53655 2
1577.84365 1735.17412 3
1551.03425 1689.23412 0
1102.82997 1366.14862 1
1777.63637 1044.65195 3
1995.73134 1209.92536 2
1380.28366 1316.20375 2
1069.23821 1497.70729 2
1526.21452 1366.17394 3
1931.70158 1020.97838 3
1696.52139 1660.57336 0
1052.17647 1663.77922 1
1692.50353 1580.71488 2
1939.68039 1681.188 0
1125.77743 1754.74524 3
1282.4879 1192.30419 2
1196.37207 1819.33783 0
1392.89794 1424.83585 1
1525.53062 1388.56096 0
1391.58052 1686.43197 0
1497.90601 1182.32169 0
1985.92638 1171.91824 2
1135.13167 1223.99675 0
1230.92256 1681.8877 0
1600.8612 1099.17131 3
1090.8168 1125.94415 0
1484.38309 1432.03205 1
1977.27282 1598.03972 0
1979.64668 1176.28411 0
1149.03626 1571.63255 0
1476.32647 1439.02814 1
1216.67891 1853.03341 1
1042.78659 1003.08231 0
1805.68398 1664.96917 2
1921.32756 1027.0249 3
1136.42357 1075.9321 0
1230.21368 1376.66839 3
1831.69132 1406.19723 2
1394.83992 1118.93702 2
1631.64267 1162.45615 3
1372.77503 1862.65624 2
1758.09528 1043.40838 0
1627.17952 1110.80426 3
1299.67694 1385.22784 1
1900.75762 1710.1337 3
1645.50999 1812.43798 2
1571.15503 1924.57433 0
1908.03161 1250.12029 3
1417.45095 1521.0651 3
1066.26612 1467.99459 3
1663.73946 1273.14799 2
1050.57649 1295.45676 1
1192.93309 1930.00844 2
1886.91056 1763.45666 1
1447.51964 1809.5727 3
1293.68847 1383.07341 0
1952.68582 1782.39444 2
1686.61127 1253.54385 2
1997.94159 1843.58367 2
1096.69996 1952.29472 0
1634.50066 1885.21388 0
1453.42421 1284.35505 0
1069.01087 1562.15373 2
1145.68172 1195.05043 1
1014.06639 1714.5457 0
1230.41645 1011.93935 1
1219.9703 1571.46856 0
1108.17748 1676.93963 2
1223.9364 1525.5906 2
1853.57298 1121.29652 0
1190.36601 1402.03698 3
1618.32801 1910.52617 2
1908.21933 1254.82515 3
1534.70986 1129.75642 3
1395.51077 1680.31757 2
1010.0449 1715.51028 2
1717.64768 1564.89184 0
1590.08823 1938.67481 0
1363.13976 1422.20352 3
1553.17388 1749.83211 2
1152.55974 1129.39616 0
1404.25892 1430.01863 1
1573.87801 1071.70655 3
1127.6673 1220.49161 3
1128.27825 1430.92029 3
1458.94651 1411.73699 0
1061.89287 1052.95661 2
1951.83242 1520.05503 3
1514.88329 1938.03405 1
1557.81087 1911.16743 2
1647.30999 1363.43501 1
1457.4474 1102.08358 3
1282.04649 1818.81003 1
1284.45205 1834.04398 3
1581.40483 1772.19523 2
1004.08432 1502.89468 0
1936.0849 1022.51981 1
1419.66237 1337.65355 0
1802.88162 1933.86825 0
1318.90306 1470.48208 2
1142.24051 1418.4607 2
1826.79073 1460.28042 3
1755.14901 1750.1284 3
1396.34041 1136.0906 3
1905.07849 1384.61181 1
1956.00567 1400.27804 3
1636.30886 1680.1997 2
1749.61308 1547.53482 3
1704.19364 1741.57175 2
1031.80165 1816.11078 0
1379.75944 1029.859 3
1575.90961 1292.91478 2
1415.82423 1927.93146 1
1665.86175 1828.8264 1
1635.41429 1413.22728 1
1949.45151 1918.11739 1
1378.14784 1761.52543 2
1296.45928 1078.07858 2
1756.86024 1744.04792 3
1122.47956 1008.71915 3
1593.71227 1826.7983 1
1450.44125 1267.60964 1
1187.51142 1016.81843 3
1115.18242 1664.03834 0
1445.15595 1463.60189 0
1074.19531 1018.65073 3
1739.65966 1911.54269 2
1224.30788 1541.35775 2
1994.40585 1642.65509 0
1096.76565 1082.65835 0
1813.63282 1259.87821 3
1032.64137 1347.23127 1
1469.85521 1993.65917 1
1330.83821 1612.74629 3
1563.90474 1655.43794 3
1532.34544 1114.94997 1
1836.59372 1986.24209 1
1369.05882 1263.72695 0
1698.66964 1063.97835 0
1149.72535 1853.18197 1
1215.14284 1694.29401 0
1940.23533 1142.68542 1
1321.16809 1725.90876 3
1605.92806 1262.4583 2
1001.98259 1131.22132 0
1089.80638 1470.65599 3
1354.02184 1488.63013 2
1186.71725 1552.44898 0
1341.32052 1486.1205 3
1571.29677 1726.70704 2
1361.63387 1642.06165 1
1740.73095 1449.2295 3
1181.54585 1353.04769 1
1655.98062 1353.40008 1
1367.72019 1852.44566 3
1225.11776 1639.69614 1
1735.63043 1881.10173 1
1077.71514 1095.58653 0
1982.55146 1015.3032 1
1440.27583 1931.88881 3
1458.7248 1191.94363 1
1277.77853 1157.07545 3
1081.06097 1670.59114 0
1996.64037 1135.70719 2
1602.20084 1778.46315 2
1718.90244 1902.62461 0
1979.47617 1396.59028 0
1477.35654 1795.34264 3
1629.35823 1479.6857 1
1533.9812 1021.93831 0
1132.10892 1637.31839 3
1597.76891 1489.54354 2
1537.51753 1603.23692 3
1327.11056 1479.83897 3
1254.62591 1323.02012 2
1291.31459 1335.67495 3
1836.41711 1865.00794 0
1406.20756 1583.14282 1
1299.1675 1279.35724 2
1395.86147 1388.5028 3
1089.85796 1673.11083 2
1004.57169 1035.99816 1
1969.31323 1811.67093 1
1105.16539 1219.90286 2
1206.84133 1944.12039 2
1230.66504 1223.5581 3
1045.31833 1792.84731 1
1164.47703 1735.90121 1
1679.1338 1817.07497 0
1836.44617 1860.13532 2
1533.07595 1476.06948 3
1491.86699 1335.35091 3
1777.92464 1401.62837 0
1425.52874 1136.84182 0
1056.03437 1344.4549 1
1683.64417 1743.27672 3
1380.34219 1412.15198 2
1637.559 1981.68113 0
1844.60701 1436.6296 2
1600.19228 1267.53233 3
1764.87826 1164.94111 2
1027.23017 1367.75188 3
1317.4592 1840.55285 3
1267.43116 1842.99846 0
1234.36064 1639.78962 0
1073.281 1109.56875 2
1128.83578 1756.19237 3
1831.88814 1628.51232 3
1115.20477 1923.32021 2
1724.64805 1754.66108 1
1788.2743 1410.37588 3
1920.43583 1920.5633 3
1911.1235 1274.75616 1
1089.89965 1881.09577 3
1356.44606 1474.48972 3
1706.41281 1576.4046 0
1404.64414 1609.7254 2
1462.58147 1604.22829 2
1064.90511 1078.95224 1
1244.53083 1302.87259 2
1774.49963 1294.635 1
1399.38931 1490.63404 2
1575.36963 1906.11667 2
1936.48535 1956.48236 1
1613.00676 1716.30819 2
1455.56147 1075.49917 1
1097.68882 1145.29767 1
1392.43888 1099.2925 0
1594.05263 1039.12142 2
1011.76931 1065.50147 2
1263.74874 1497.5513 0
1337.92439 1765.12872 1
1370.63592 1416.34808 2
1296.68095 1501.8521 1
1406.7149 1727.15667 0
1926.57555 1371.30318 2
1340.86344 1783.24728 3
1868.37488 1753.0468 3
1127.19648 1399.72847 2
1108.67128 1311.13318 2
1403.82199 1751.12557 0
1337.57578 1689.47684 0
1518.36038 1510.32686 0
1290.8997 1644.87 0
1025.56216 1796.76175 0
1307.24861 1081.12358 2
1039.39147 1764.72523 3
1786.05666 1855.27759 0
1349.04076 1781.0985 1
1116.44068 1654.55878 3
1489.15969 1088.35186 3
1353.90369 1623.81884 0
1428.79012 1809.06517 2
1330.94009 1339.44872 0
1499.83483 1926.85272 2
1534.65769 1377.6342 2
1135.22601 1195.42967 3
1420.70163 1973.549 3
1149.99665 1211.5494 2
1374.9471 1965.91931 1
1107.38571 1821.79358 3
1508.09182 1471.95849 2
1837.50071 1532.59574 3
1024.23788 1119.31434 3
1669.45904 1987.23333 2
1238.74609 1193.9227 1
1563.51027 1226.09111 1
1574.9472 1614.94326 3
1860.49238 1411.25616 3
1559.3209 1746.6485 2
1378.34245 1222.94509 1
1282.17007 1449.49862 0
1190.26013 1130.77897 0
1181.15745 1454.78626 0
1246.88645 1363.3712 3
1121.71111 1794.21555 0
1824.3644 1782.33066 2
1249.08688 1373.09197 3
1831.58156 1014.59573 1
1199.78806 1563.23093 1
1929.38153 1916.50037 0
1831.11427 1775.65996 2
1816.4993 1769.18532 3
1752.0 1288.82708 3
1702.06448 1803.18851 1
1895.4508 1243.72177 1
1092.38532 1629.40071 2
1462.09912 1942.02876 0
1223.0178 1413.54824 0
1256.03705 1494.62225 0
1102.81775 1059.62865 2
1602.74864 1049.87083 2
1620.67736 1920.31133 0
1389.76452 1569.39692 2
1423.97528 1243.02952 3
1116.43127 1002.63334 0
1917.21089 1315.0034 0
1575.47504 1485.09015 0
1787.04946 1698.40673 0
1351.80357 1273.83617 1
1139.6333 1966.31438 1
1293.69195 1266.62229 3
1739.04071 1795.32018 3
1692.72168 1951.425 2
1728.37349 1628.40188 2
1891.75218 1036.76275 1
1623.49431 1498.46333 1
1951.28925 1683.29373 3
1073.7861 1027.0486 3
1940.01844 1315.58472 3
1071.10109 1074.99148 2
1506.3654 1339.26345 3
1304.15494 1274.19981 2
1748.71709 1417.71958 1
1339.91017 1291.95214 0
1485.15907 1795.24008 1
1361.84481 1689.56141 1
1752.79208 1891.85584 2
1092.4588 1371.97208 1
1383.31162 1350.78901 0
1584.92497 1908.61572 1
1180.44018 1679.66044 1
1718.76303 1227.06126 3
1267.04181 1005.29127 2
1293.98357 1579.89941 3
1451.99378 1781.36222 3
1284.65144 1499.08832 1
1183.30613 1475.134 1
1865.82616 1442.27783 0
1063.76624 1898.34496 2
1480.7434 1303.91127 2
1480.23773 1385.82439 2
1966.37458 1031.66594 0
1119.84685 1725.47749 1
1207.05766 1795.22534 0
1419.91334 1864.92582 3
1208.37478 1645.9641 2
1938.36487 1733.53641 1
1382.52394 1763.72608 2
1817.19821 1460.85016 3
1449.21797 1810.60181 0
1146.1709 1536.82766 3
1070.88895 1736.28987 1
1606.60198 1174.85574 2
1773.70378 1179.03037 0
1497.47884 1207.5179 3
1407.17141 1808.56473 0
1242.9343 1923.45674 2
1461.46508 1581.49397 0
1294.37987 1416.44578 0
1268.27161 1191.41325 1
1987.86895 1301.66804 0
1124.1073 1016.21206 1
1520.76978 1580.85484 0
1884.60345 1739.85084 2
1281.88063 1639.30276 2
1427.49941 1289.76952 0
1047.86959 1699.3733 0
1153.74751 1855.06628 1
1520.19416 1351.60242 0
1502.49626 1156.68208 1
1077.78879 1110.23655 2
1308.70944 1934.52957 1
1581.82331 1932.15193 1
1196.09898 1247.38994 3
1312.10377 1351.29203 2
1534.28357 1404.83703 1
1946.41522 1209.24405 3
1793.80583 1886.2079 3
1862.61489 1966.66796 3
1545.14371 1801.12699 1
1158.77381 1054.47405 0
1173.71356 1923.57466 2
1291.03262 1847.79239 0
1852.64053 1972.99655 2
1296.95283 1599.50624 0
1858.97504 1614.96397 0
1195.41328 1513.73308 1
1815.27597 1258.7979 3
1187.99778 1739.07053 0
1598.91566 1069.27382 0
1636.64494 1427.76391 3
1976.41155 1710.79764 0
1661.72381 1200.25457 1
1320.2571 1495.95449 1
1318.84971 1989.93982 1
1133.65006 1064.94475 3
1862.53939 1137.1956 2
1837.39438 1712.75343 1
1742.49 1025.18438 2
1791.4276 1837.40553 0
1942.13093 1530.90535 0
1533.42932 1066.59052 1
1969.99381 1989.89025 0
1627.39008 1415.12819 0
1903.05868 1769.95 0
1517.63213 1523.41846 2
1204.17296 1980.23452 0
1463.0727 1192.82854 3
1033.26486 1884.66082 2
1529.51003 1158.4203 3
1038.38308 1602.68336 1
1984.87926 1887.25509 2
1420.15232 1965.55842 3
1505.52632 1322.31768 1
1947.06852 1275.63205 2
1572.95209 1541.61661 1
1159.24293 1395.01169 1
1476.9151 1111.09414 3
1845.00178 1897.63519 2
1167.01116 1910.82403 3
1629.14613 1406.78278 1
1467.64907 1276.23151 1
1736.01706 1228.23485 3
1342.791 1620.31363 0
1062.80281 1555.02906 2
1177.2671 1693.62375 3
1396.85341 1616.70831 3
1222.85005 1268.21276 0
1068.49575 1131.50162 1
1303.25835 1962.26204 0
1848.39764 1370.27669 0
1231.38321 1888.39505 3
1237.2456 1693.30116 1
1503.92734 1723.82898 0
1371.04971 1835.97551 2
1252.81664 1142.57326 0
1068.56034 1512.24233 3
1006.02682 1962.19331 1
1427.65445 1067.99235 1
1639.4234 1069.51554 0
1559.95304 1179.86441 2
1649.67402 1363.09487 1
1249.48181 1122.76844 3
1085.21515 1270.85313 2
1701.15747 1176.623 1
1264.49005 1785.80943 2
1456.80986 1031.98577 1
1794.72151 1629.94458 3
1238.3753 1936.88523 2
1886.4459 1825.83657 0
1340.93503 1394.17055 0
1614.40539 1840.90992 0
1827.70796 1035.37626 2
1490.91708 1620.98018 0
1232.88373 1058.24058 1
1061.82809 1272.25057 1
1791.5841 1688.36162 2
1632.96138 1333.32982 0
1066.85 1395.74685 0
1960.7083 1327.90555 1
1643.29422 1809.27537 2
1697.16577 1476.88388 3
1655.35669 1937.22051 0
1713.32914 1903.82172 3
1046.5137 1798.53646 1
1801.11121 1514.02431 2
1807.95808 1206.41394 3
1594.40524 1904.50731 3
1948.39166 1489.74093 0
1516.17255 1356.43488 0
1153.13535 1164.58229 2
1084.20883 1843.02567 1
1946.2079 1317.26404 3
1553.24287 1265.52669 1
1785.25352 1700.64231 1
1594.94664 1330.1217 1
1239.53481 1521.85384 0
1507.40902 1412.42478 3
1622.23712 1817.74145 1
1771.89528 1269.7628 1
1505.60175 1590.58673 1
1905.45408 1715.99697 0
1379.19035 1092.95666 3
1458.49317 1058.54751 1
1357.76367 1873.7046 2
1573.97259 1351.96782 1
1270.84301 1894.42725 0
1844.23249 1096.70571 0
1357.24799 1502.07396 1
1463.92761 1110.42099 2
1200.85462 1371.02006 3
1066.22598 1059.74474 3
1420.16788 1988.47522 0
1796.86988 1900.59133 0
1461.19041 1871.92766 2
1659.66284 1587.34148 2
1611.26682 1075.45484 3
1139.30691 1391.89547 1
1029.81554 1067.01128 3
1226.75817 1642.45461 2
1751.76361 1251.4127 3
1091.49933 1796.4618 3
1267.02462 1289.18352 0
1956.60827 1114.71122 1
1203.6092 1037.47692 1
1982.2665 1011.38463 1
1397.17757 1506.68938 3
1721.40685 1846.03218 0
1638.77879 1112.20646 3
1502.80493 1895.01691 2
1054.28675 1153.59538 1
1010.60914 1538.04566 3
1542.74756 1652.4575 2
1553.92874 1874.81288 3
1575.8978 1319.73915 0
1555.71125 1477.53092 2
1753.79284 1778.95646 1
1028.3633 1818.48324 3
1336.63169 1274.01419 1
1282.82086 1605.63731 1
1097.84823 1225.44686 3
1598.59039 1314.82028 1
1901.7533 1010.94507 2
1178.68207 1416.86422 2
1290.7577 1746.02367 0
1329.60106 1102.4293 0
1063.40383 1788.2159 1
1157.3252 1211.34144 1
1362.00576 1563.8189 2
1952.31256 1081.06868 1
1554.41162 1431.99788 0
1931.66267 1385.97876 2
1638.65673 1628.86386 2
1298.57538 1004.79556 2
1465.35061 1578.25587 1
1089.86004 1343.65762 2
1991.92614 1573.3713 2
1358.12436 1485.27842 0
1325.93011 1379.01771 1
1665.20947 1647.00678 3
1512.72172 1485.64245 3
1946.68721 1776.94239 0
1083.1233 1353.38205 0
1172.35612 1046.1934 1
1216.09123 1015.58263 0
1195.58595 1563.4776 2
1877.57743 1512.73251 2
1319.24753 1809.0768 3
1023.41878 1698.21486 2
1082.60841 1644.24304 0
1739.08932 1167.80911 3
1743.90887 1489.64631 3
1410.39312 1123.88719 1
1306.80396 1588.32411 2
1033.73269 1290.07303 2
1904.35641 1598.17227 1
1040.33754 1333.36541 2
1372.26076 1100.83657 1
1449.0883 1274.76427 2
1218.87871 1062.16306 2
1891.90865 1357.22521 1
1203.31774 1919.25151 1
1449.92685 1922.69027 0
1849.7667 1098.73277 2
1336.59818 1656.38826 0
1700.86588 1907.03207 3
1492.79093 1465.68041 2
1277.27651 1582.25269 2
1764.7346 1577.86791 1
1629.77453 1155.89319 2
1269.57298 1550.62681 1
1784.00403 1042.67491 2
1735.12187 1633.7788 0
1526.94379 1657.01247 2
1539.76386 1393.31261 1
1095.56848 1176.44735 0
1273.83456 1398.16887 3
1913.80799 1589.61855 2
1642.00485 1685.45817 0
1555.60202 1676.30273 3
1314.93549 1172.93383 0
1816.49021 1607.18272 3
1222.58764 1942.79075 0
1595.10861 1771.3929 2
1764.25065 1727.46666 0
1330.48697 1996.48808 2
1653.82651 1505.36961 3
1571.34785 1437.09277 1
1294.86825 1156.47937 0
1486.1364 1320.8523 2
1171.01358 1864.20347 1
1917.77987 1197.85819 1
1239.24066 1610.28367 1
1749.01442 1526.43846 1
1843.34677 1097.83725 1
1298.52967 1794.54791 1
1210.47965 1968.35505 3
1253.74127 1173.51328 2
1178.09465 1142.41928 2
1324.36401 1340.03537 0
1045.22634 1340.78626 3
1221.59398 1598.55269 1
1982.05633 1749.57319 2
1108.6881 1810.10768 3
1615.95406 1129.10823 3
1034.36416 1718.92317 2
1160.37631 1831.95487 2
1097.92709 1154.97018 3
1716.60319 1218.57437 0
1815.94435 1694.35029 0
1922.6516 1101.18684 2
1183.44978 1532.9207 3
1591.3993 1730.01017 3
1620.47589 1503.39782 1
1069.94427 1994.93132 0
1800.67598 1909.60797 0
1767.73972 1613.58455 1
1260.74475 1053.82363 1
1956.43311 1598.81099 2
1998.27068 1624.15598 3
1061.87257 1477.37104 2
1163.35454 1025.87235 0
1824.05511 1999.65562 0
1348.58452 1655.63088 2
1205.33563 1653.90664 2
1333.99432 1436.46542 2
1954.62642 1392.73293 0
1440.92614 1021.90741 3
1247.55277 1653.59888 1
1591.90847 1884.91811 1
1505.72469 1683.58371 1
1544.61971 1430.54541 0
1627.01451 1850.5215 1
1605.98223 1176.02471 3
1295.57538 1038.81372 2
1576.40399 1568.41048 3
1981.40391 1769.12869 2
1507.0247 1819.88273 0
1341.16137 1095.67714 3
1146.41319 1781.74745 3
1187.24022 1183.73546 3
1520.07044 1950.43799 3
1202.28525 1108.44156 2
1539.31419 1754.21069 1
1218.34753 1488.80894 1
1377.6502 1942.52857 3
1974.46442 1179.41644 0
1383.85677 1130.55325 1
1352.31395 1020.61331 0
1394.64986 1489.38813 1
1724.38886 1227.75078 0
1899.52907 1047.52798 2
1482.99513 1757.84945 1
1971.94399 1726.83554 1
1571.51026 1011.86188 0
1948.02831 1328.22272 2
1601.93406 1631.45631 3
1746.17967 1041.88365 1
1460.18285 1735.54927 3
1037.54547 1594.26129 2
1683.95178 1368.82621 1
1516.31055 1199.17188 3
1156.5695 1518.66518 0
1304.51624 1764.92635 2
1303.7965 1811.95897 1
1810.84925 1970.70321 2
1471.80321 1501.66221 1
1586.59895 1230.29269 3
1269.11484 1059.83723 2
1895.46969 1255.27444 2
1493.80841 1926.71897 1
1850.78021 1262.16494 0
1756.65886 1824.87616 2
1246.82316 1110.14965 3
1815.25169 1634.21813 0
1493.85219 1980.68839 2
1728.61498 1820.07811 1
1196.89545 1446.10608 1
1518.92744 1715.12116 3
1045.16683 1551.69691 1
1911.75021 1907.83124 1
1546.8773 1985.62389 2
1708.12836 1250.035 2
1050.87097 1918.26202 0
1830.31506 1811.80805 1
1522.2332 1304.37347 0
1047.45929 1868.72539 1
1491.84385 1642.98179 2
1484.37597 1556.87613 3
1509.03581 1323.88678 3
1167.76649 1447.82152 0
1309.14474 1725.68627 3
1455.36076 1832.38772 0
1918.71217 1517.2291 0
1933.31872 1659.97487 3
1605.18195 1179.91294 2
1472.64616 1771.07123 3
1878.39651 1459.99788 0
1302.46638 1020.13034 2
1707.07266 1117.16295 3
1419.63207 1803.84462 0
1575.54972 1773.18863 2
1429.65209 1649.88742 2
1052.2256 1410.12603 0
1511.55161 1909.05756 0
1336.54441 1223.74889 1
1299.69154 1018.35812 0
1939.45099 1093.92477 3
1225.72794 1745.47359 2
1797.3363 1610.17919 3
1929.20638 1984.77433 2
1861.84637 1114.20751 1
1356.29129 1774.28312 3
1540.58396 1804.74847 0
1975.20436 1547.19544 2
1613.10925 1143.26221 0
1286.17054 1226.30768 1
1853.69377 1044.13271 3
1601.90135 1607.52055 2
1064.56449 1195.60178 3
1517.10196 1536.82917 3
1282.76327 1432.70045 0
1958.22509 1496.96357 1
1484.32224 1208.77499 0
1293.62816 1070.81835 0
1619.03991 1722.51482 3
1558.46519 1382.88303 1
1171.46634 1123.29511 3
1303.80471 1815.57823 2
1161.9607 1738.34764 2
1970.22165 1483.45593 3
1167.32987 1146.45538 0
1804.57416 1264.63865 1
1710.75463 1076.39916 3
1296.10735 1066.90719 2
1574.157 1503.50355 0
1574.13382 1117.5844 2
1762.57689 1535.55251 2
1893.44247 1813.424 1
1950.01734 1731.65747 2
1577.50687 1947.672 2
1618.3617 1387.7215 0
1802.74665 1553.88045 3
1309.90771 1410.48442 1
1759.67705 1884.0092 2
1980.99395 1317.93691 2
1567.27174 1592.20959 0
1086.63063 1657.16094 3
1106.74413 1059.79117 0
1533.92203 1833.79576 2
1405.51815 1842.34153 2
1532.2234 1017.51147 3
1410.72512 1630.54564 3
1303.88132 1051.43126 1
1158.58906 1745.54277 0
1263.63655 1628.72505 3
1302.86324 1692.03359 2
1186.03981 1428.41354 2
1640.89824 1237.97251 3
1654.3827 1689.60546 2
1224.95958 1687.80366 2
1343.56452 1471.86577 1
1099.37406 1445.35394 0
1424.28062 1078.0854 2
1630.89952 1340.9299 0
1617.2671 1737.14688 2
1241.39011 1121.35502 2
1376.8058 1590.81494 1
1417.34331 1793.23265 2
1852.82015 1267.60764 1
1403.38253 1977.15161 0
1873.11329 1985.87577 2
1831.90312 1759.28861 1
1289.57497 1712.52223 2
1974.29937 1857.86961 3
1864.00157 1373.84389 2
1834.31638 1826.42968 2
1857.74546 1625.12611 3
1417.83699 1726.85699 1
1542.71455 1574.98843 0
1329.6992 1462.33659 3
1571.64329 1226.58783 1
1996.97941 1861.69019 0
1954.38548 1086.08498 2
1476.53197 1591.97401 2
1885.37448 1909.43713 2
1015.00335 1958.58896 1
1753.68056 1681.06639 1
1435.33303 1261.89416 0
1436.52111 1354.58774 2
1141.24225 1867.11338 0
1656.81602 1444.97389 0
1268.21576 1543.90194 3
1588.80609 1554.83703 1
1150.53261 1482.74151 3
1795.89355 1623.48629 0
1463.16576 1065.12715 1
1861.98087 1832.53514 2
1426.29429 1244.96517 2
1732.18514 1454.90686 2
1840.62831 1397.08397 3
1036.64106 1464.86216 3
1834.5108 1141.87946 1
1858.84715 1318.12961 1
1283.6881 1227.97238 0
1736.62075 1765.19142 0
1298.89121 1932.76139 0
1855.8747 1388.64434 3
1754.23765 1103.63031 3
1321.90464 1242.6694 1
1329.77076 1153.21149 2
1335.71508 1786.54059 0
1740.38741 1122.43656 1
1978.73476 1971.44454 2
1134.63721 1315.54577 0
1388.63559 1114.0888 0
1246.81806 1599.29973 3
1048.79865 1678.21324 0
1198.54289 1447.15747 3
1937.20533 1372.92122 3
1993.25916 1234.2107 2
1400.01138 1857.65947 1
1184.04362 1803.14893 3
1904.46775 1452.05705 1
1277.29148 1395.47178 2
1727.18197 1144.11886 3
1461.42514 1242.16893 2
1419.60135 1004.17882 1
1265.11633 1341.6315 0
1098.13032 1561.79681 0
1627.8161 1261.27036 1
1118.41115 1552.3776 0
1918.52031 1264.09002 0
1666.79871 1484.60127 2
1442.34219 1723.70896 0
1062.69173 1881.43885 1
1324.37916 1348.83214 1
1756.34233 1414.93015 3
1927.73867 1696.70345 3
1980.58197 1944.67961 0
1436.80249 1203.63995 3
1393.35545 1067.5064 0
1017.80366 1800.31874 1
1306.33094 1989.06877 3
1989.9011 1515.6402 1
1902.70986 1052.23303 0
1713.50903 1888.41066 2
1869.84209 1426.08327 1
1690.77486 1179.84736 3
1921.7138 1286.33375 3
1426.22197 1885.45689 1
1634.10892 1601.36926 2
1775.10212 1653.5129 0
1995.58005 1755.78435 2
1386.43399 1419.47337 0
1608.71349 1062.15585 0
1032.22307 1055.13814 3
1153.7848 1466.83125 2
1334.78479 1932.50432 1
1592.24362 1868.55346 3
1600.72214 1220.77334 1
1221.90865 1725.02038 3
1971.17427 1989.20013 2
1436.65428 1324.80388 2
1054.56535 1500.83088 1
1127.47162 1822.6397 2
1966.2144 1973.51951 2
1490.24878 1752.38678 0
1324.40889 1031.38721 2
1509.00297 1644.11309 3
1691.79523 1040.65395 1
1861.00766 1799.02748 1
1062.92719 1192.19543 0
1834.3235 1773.71632 2
1539.1064 1769.4411 3
1985.79045 1325.55104 3
1507.11485 1361.50736 3
1485.1174 1881.99246 3
1144.52639 1119.97002 0
1827.86533 1221.97239 0
1653.16177 1761.13411 1
1327.78056 1077.41835 0
1629.9825 1325.41215 1
1223.9118 1152.41848 2
1399.95092 1334.80365 1
1027.35724 1009.2576 1
1708.66009 1991.70903 1
1974.23849 1604.39733 0
1915.3255 1452.89629 0
1226.17273 1352.43448 0
1116.59519 1546.5216 2
1399.79603 1462.97153 1
1279.6304 1711.88702 1
1763.69327 1430.69058 0
1733.82567 1468.44758 0
1146.48771 1813.94504 1
1996.29692 1507.31714 2
1404.30407 1508.33674 1
1780.10858 1798.13562 2
1629.38442 1673.29342 2
1515.37863 1850.89173 1
1812.7162 1317.76614 3
1690.95702 1617.96095 0
1343.56297 1048.37496 1
1198.67973 1808.49863 3
1830.50368 1863.60493 3
1685.5523 1008.97997 2
1479.07489 1310.12717 1
1705.90496 1022.5699 0
1565.17196 1080.88395 2
1362.97978 1398.74472 0
1781.85231 1237.5984 0
1161.77422 1826.43859 3
1485.42811 1161.90945 0
1765.52245 1457.52998 2
1460.46019 1898.3964 2
1121.56862 1705.79841 2
1670.2303 1172.34403 0
1013.59052 1051.39454 1
1493.66293 1186.83106 3
1840.13757 1437.60035 0
1548.95724 1691.74063 0
1437.02498 1521.98846 1
1885.88976 1428.16582 2
1445.85218 1355.8169 2
1721.33442 1397.11203 1
1564.03379 1916.89538 3
1439.80487 1227.16291 3
1321.42803 1209.76675 0
1559.59626 1224.67081 2
1742.60441 1970.6951 1
1008.39305 1002.9174 3
1045.66099 1612.84368 0
1768.88159 1168.00744 1
1152.50339 1106.34794 2
1416.93473 1292.58012 3
1869.69825 1649.88201 3
1228.5831 1980.39387 1
1782.04794 1478.8077 2
1536.90842 1016.57097 1
1576.48121 1637.51073 3
1931.57854 1286.43448 1
1196.74678 1356.74724 0
1648.49539 1813.21922 1
1710.96145 1191.17683 2
1201.61988 1771.98618 3
1558.64559 1566.06056 3
1269.08196 1739.8855 3
1861.76907 1379.24684 3
1672.21139 1737.91154 3
1937.00001 1321.956 1
1041.68704 1608.6536 1
1984.28392 1559.6285 3
1495.09621 1099.88038 0
1688.95534 1093.12952 3
1886.47892 1798.53122 0
1500.26411 1709.26047 0
1543.51273 1929.64137 3
1535.88182 1049.32822 0
1178.96603 1085.56455 1
1686.56136 1211.79982 2
1472.7642 1384.59063 1
1244.30478 1182.60491 0
1671.45558 1534.85209 1
1625.69656 1447.34341 0
1687.76856 1257.01148 2
1129.79267 1253.57371 0
1175.30505 1224.25325 2
1441.73074 1096.44593 0
1671.91686 1101.42694 1
1640.78978 1281.12281 0
1764.8166 1551.53858 0
1354.35843 1479.33058 1
1338.33085 1527.0788 3
1889.0785 1224.65359 3
1027.11367 1393.65114 3
1116.30992 1085.08602 1
1523.53457 1818.21362 2
1414.66376 1885.54573 3
1322.68847 1043.32861 1
1742.98341 1973.85671 0
1275.15208 1283.40972 2
1259.2846 1685.94677 2
1172.4729 1665.21527 0
1401.65325 1980.40175 1
1761.77884 1371.42474 2
1745.89934 1983.56857 3
1803.14851 1368.90151 1
1481.02961 1768.47127 0
1184.96333 1597.91185 1
1929.87361 1834.2922 1
1768.10932 1861.91508 2
1636.04574 1250.34493 3
1155.78727 1633.65177 3
1254.78794 1716.01696 2
1711.50749 1206.24177 0
1762.2896 1039.02507 2
1034.48836 1671.60238 2
1793.99742 1020.57494 1
1587.79474 1986.76241 3
1647.8054 1722.67633 2
1659.29979 1837.70693 3
1543.03197 1837.25161 2
1990.5652 1447.26681 2
1435.23631 1481.98536 0
1565.60131 1131.01599 0
1906.5113 1610.41444 0
1779.68762 1441.68854 0
1565.55997 1836.18335 1
1428.69134 1703.65561 0
1130.12849 1960.91337 1
1062.78228 1349.19846 0
1294.28056 1756.53922 0
1850.71796 1473.27726 1
1358.11989 1914.77135 2
1541.82261 1758.61632 0
1810.88857 1176.77799 3
1767.98924 1483.22112 0
1380.58066 1786.40277 3
1873.61746 1189.61046 0
1603.50201 1783.00425 1
1292.69972 1185.12766 2
1296.488 1892.25492 3
1641.65507 1186.42623 2
1165.34552 1496.20456 1
1457.91283 1088.60229 0
1185.36837 1716.58569 0
1605.85838 1453.77802 2
1803.75633 1364.86274 1
1066.43865 1509.63038 0
1081.27801 1483.61027 2
1985.55395 1436.46822 3
1521.20308 1825.82366 0
1372.9089 1023.19095 1
1391.76239 1050.82534 2
1690.93489 1094.11208 3
1433.02026 1724.29298 3
1870.62101 1600.74118 1
1181.53743 1650.81393 2
1518.90424 1115.33118 1
1723.37935 1369.55983 0
1490.71791 1792.74298 3
1604.35629 1899.20037 1
1605.3863 1877.74684 0
1991.97204 1233.78253 2
1490.45378 1664.00449 0
1026.84257 1241.79145 1
1659.68482 1290.84929 2
1344.58 1228.32504 2
1889.2861 1394.60028 2
1655.81355 1314.36682 2
1579.68795 1688.31959 3
1659.01027 1364.52608 2
1077.74457 1117.42869 1
1006.64192 1666.30331 0
1688.77907 1382.99697 3
1338.65003 1845.65703 3
1269.88583 1041.8922 2
1508.92871 1744.50143 2
1886.52128 1764.02162 0
1024.72757 1407.36651 2
1002.83267 1944.8522 3
1724.3689 1088.67242 2
1985.95153 1276.25872 3
1264.63771 1073.22294 1
1142.35232 1111.435 3
1038.30451 1402.51559 0
1884.95356 1745.78291 3
1135.80882 1072.7991 3
1134.40991 1683.26484 0
1742.42581 1203.98913 1
1831.08278 1989.06675 1
1090.37998 1579.07854 3
1847.68951 1165.03288 0
1573.65685 1771.80647 2
1092.29188 1558.67752 2
1826.72045 1877.68523 3
1068.69517 1479.51682 3
1806.34505 1069.21872 3
1924.50767 1151.48779 0
1731.56858 1187.15088 1
1308.38201 1219.52081 3
1499.76141 1883.41336 0
1655.74999 1800.26185 0
1088.97852 1863.45659 2
1017.35383 1365.50113 1
1577.03275 1768.59365 1
